80 50
79 52
79 55
78 58
77 61
76 64
74 66
72 69
70 71
68 73
66 75
63 76
60 77
58 78
55 79
52 79
49 79
46 79
43 79
40 78
37 77
34 75
32 74
30 72
27 70
25 67
24 65
22 62
21 60
20 57
20 54
20 51
20 48
20 45
20 42
21 39
23 36
24 34
26 31
28 29
30 27
32 25
35 23
37 22
40 21
43 20
46 20
49 20
52 20
55 20
58 21
61 22
64 23
66 25
69 26
71 28
73 31
75 33
76 36
77 38
78 41
79 44
79 47
79 50
70 50
69 52
69 55
68 58
66 61
64 63
62 65
59 67
57 68
54 69
51 69
48 69
45 69
42 68
39 67
37 65
35 63
33 61
31 58
30 55
30 52
30 49
30 46
30 43
32 41
33 38
35 36
37 34
40 32
42 31
45 30
48 30
51 30
54 30
57 31
60 32
62 34
64 36
66 38
68 41
69 44
69 47
69 50
60 50
59 51
59 53
58 55
56 57
55 58
53 59
51 59
49 59
47 59
45 59
44 58
42 56
41 55
40 53
40 51
40 49
40 47
41 45
42 43
43 42
45 41
46 40
48 40
50 40
52 40
54 41
56 42
57 43
58 45
59 47
59 49