0 6
0 4
0 3
1 7
1 2
2 8
2 1
4 8
4 1
5 8
5 7
5 2
10 8
10 1
11 8
11 7
11 5
11 3
11 2
11 1
12 21
12 20
12 16
12 15
12 8
13 22
13 19
13 15
13 1
14 1
15 22
15 19
15 15
15 2
15 1
16 22
16 21
16 18
16 17
16 16
19 8
20 7
20 5
20 3
20 2
21 22
21 15
21 8
21 1
22 22
22 21
22 20
22 18
22 17
22 16
22 15
23 22
23 18
23 15
23 8
23 1
24 8
24 7
24 5
24 4
24 2
25 22
25 18
25 8
26 21
26 20
26 19
30 7
30 6
30 2
30 1
31 8
31 5
32 22
32 15
32 1
33 36
33 22
33 21
33 20
33 19
33 17
33 16
33 15
33 8
33 5
33 1
34 36
34 35
34 22
34 19
34 15
34 8
34 7
34 4
34 2
35 36
35 34
35 29
35 19
36 32
36 31
36 30
36 29
36 22
36 15
37 36
37 34
37 29
37 22
37 15
38 36
38 35
39 8
39 7
41 8
41 1
42 8
42 7
42 5
42 4
42 2
42 1
43 29
43 20
43 19
43 17
43 8
43 1
44 31
44 29
44 21
44 16
44 8
45 33
45 32
45 31
45 29
45 22
45 15
45 7
46 36
46 35
46 34
46 31
47 33
47 32
47 31
47 29
47 22
47 15
48 31
48 30
48 29
48 22
48 21
48 16
49 29
51 8
51 7
51 6
51 5
51 4
51 2
51 1
52 36
52 5
52 1
53 36
53 35
53 22
53 21
53 8
53 5
53 1
54 34
54 29
54 22
54 8
54 1
55 33
55 32
55 30
55 29
55 22
55 15
56 36
56 34
56 29
56 20
56 19
56 17
56 16
56 15
57 36
57 35
57 22
57 15
58 36
58 22
59 22
60 8
60 1
61 8
61 7
61 5
61 4
61 2
62 8
62 4
62 1
63 3
64 8
64 4
64 2
65 22
65 21
65 20
65 18
65 17
65 15
65 7
65 5
65 1
66 18
66 15
67 22
67 18
67 17
68 22
68 18
68 16
69 21
69 20
69 19
69 15
71 8
72 8
72 1
73 7
73 5
73 4
73 2
73 1
74 15
74 8
74 1
75 16
75 15
75 1
76 19
76 18
76 17
77 22
77 21
77 20
77 17
78 19
78 17
79 17
79 16
79 15
80 15
81 8
81 1
82 8
82 7
82 5
82 4
82 2
82 1
83 7
83 6
83 1
84 4
85 22
85 8
85 3
85 2
86 22
86 21
86 20
86 19
86 17
86 16
86 15
86 7
86 6
86 4
86 3
86 1
87 15
87 8
89 15
90 16
90 15
93 6
93 5
93 3
94 7
94 2
95 8
95 1
97 8
97 4
97 1
98 8
98 7
98 4
98 3
98 2
99 4
