101 824
113 822
114 815
127 824
147 815
142 801
122 802
84 790
100 795
105 799
103 775
109 775
112 766
111 785
117 776
111 652
152 625
254 898
242 829
249 827
267 877
271 853
407 721
560 581
613 564
641 686
545 836
240 576
489 395
509 401
505 406
494 411
525 350
592 347
622 341
601 431
584 426
656 356
764 272
628 274
512 0
65 804
60 784
61 767
103 757
148 813
116 776
109 793
464 405
474 400
605 277
505 392
489 573
387 794
460 418
642 457
453 413
102 785
110 792
301 769
298 776
311 787
409 726
140 770
0 1044
21 903
593 420
503 328
277 531
302 519
722 316
530 84
372 468
389 451
405 442
415 435
657 301
761 274
